8 0.447103 0.141406 0.035482 0.048438
8 0.500163 0.440365 0.030924 0.043229
8 0.695964 0.320312 0.028646 0.031250
8 0.633301 0.275781 0.027018 0.031771
8 0.811035 0.396615 0.044596 0.055729
8 0.256836 0.446354 0.028646 0.034375
1 0.304036 0.371094 0.042969 0.046354
3 0.374837 0.470052 0.042643 0.042188
3 0.595540 0.379688 0.039388 0.033333
3 0.535970 0.549479 0.064128 0.061458
6 0.311035 0.549479 0.075846 0.082292
6 0.576335 0.151562 0.060221 0.070833
6 0.659180 0.237500 0.046875 0.054167
6 0.639648 0.321615 0.037109 0.038021
6 0.750488 0.306250 0.052409 0.053125
5 0.505208 0.219271 0.021484 0.041667
5 0.565918 0.330469 0.021810 0.047396
5 0.505859 0.369271 0.022786 0.041667
5 0.666178 0.172135 0.023112 0.039062
5 0.813802 0.269271 0.021484 0.044792
5 0.808105 0.333594 0.022461 0.051562
5 0.975098 0.545312 0.034831 0.073958
5 0.652832 0.546615 0.034831 0.077604
2 0.681966 0.396354 0.037109 0.043750
4 0.748047 0.391667 0.023438 0.052083
4 0.753092 0.538281 0.023112 0.050521
