6 0.224898 0.543944 0.109631 0.106109
6 0.552425 0.219989 0.057719 0.054126
6 0.662739 0.113344 0.063866 0.056270
6 0.640710 0.278939 0.046448 0.053055
6 0.778859 0.253483 0.063183 0.075027
6 0.926913 0.399250 0.062842 0.064309
1 0.237363 0.332529 0.050546 0.049839
8 0.410519 0.255895 0.049180 0.056270
3 0.324283 0.441854 0.052254 0.047696
1 0.773395 0.411844 0.044740 0.043408
2 0.690232 0.360932 0.056011 0.058414
3 0.580260 0.347535 0.045082 0.054126
5 0.550717 0.278671 0.033128 0.067524
5 0.480533 0.158092 0.031421 0.054662
0 0.414788 0.434620 0.071380 0.054662
0 0.475068 0.529207 0.078552 0.059486
5 0.667008 0.530547 0.031421 0.056806
5 0.841701 0.502144 0.028347 0.049303
4 0.771175 0.523312 0.025273 0.053055
3 0.599727 0.526527 0.051913 0.043408
5 0.552937 0.281886 0.031421 0.060021
4 0.778518 0.355573 0.033128 0.065916
8 0.704235 0.271168 0.034153 0.049303
7 0.855362 0.350750 0.064549 0.062701
