8 0.492513 0.609635 0.176432 0.256771
7 0.820801 0.615625 0.214518 0.159375
6 0.601562 0.282031 0.052734 0.070312
6 0.724447 0.427344 0.051758 0.068229
6 0.499837 0.195052 0.048503 0.055729
0 0.402018 0.200260 0.059896 0.043229
0 0.512695 0.140104 0.080729 0.063542
8 0.301270 0.415365 0.051107 0.051562
4 0.606283 0.379167 0.024414 0.062500
2 0.530111 0.300000 0.047201 0.053125
5 0.391276 0.284375 0.039062 0.066667
1 0.603353 0.431250 0.030273 0.039583
2 0.805990 0.311979 0.083333 0.122917
3 0.117513 0.444271 0.065755 0.053125
0 0.106771 0.215625 0.095052 0.060417
