8 0.253906 0.205990 0.037109 0.054688
8 0.484538 0.423698 0.035482 0.050521
0 0.490560 0.140104 0.075521 0.051042
0 0.573568 0.206510 0.049479 0.043229
0 0.331055 0.256510 0.069661 0.048438
1 0.251302 0.341406 0.056641 0.061979
1 0.787598 0.422917 0.043945 0.046875
4 0.793294 0.365625 0.037109 0.075000
5 0.567708 0.293229 0.033203 0.061458
5 0.407064 0.394792 0.022461 0.037500
5 0.225586 0.425781 0.034505 0.043229
2 0.705241 0.287760 0.043294 0.061979
6 0.676595 0.185677 0.049805 0.055729
6 0.791016 0.257292 0.068359 0.063542
6 0.951009 0.413281 0.072591 0.069271
4 0.146810 0.240104 0.025391 0.048958
