1 0.352459 0.361736 0.040984 0.041801
0 0.413593 0.437567 0.077869 0.055198
0 0.476947 0.531618 0.081626 0.055734
8 0.718750 0.245713 0.040642 0.047696
8 0.352971 0.522776 0.037227 0.043408
3 0.600410 0.529475 0.040301 0.040729
5 0.840335 0.379689 0.026298 0.045552
5 0.479337 0.400857 0.034495 0.045016
5 0.667179 0.527331 0.023566 0.046088
6 0.555669 0.385584 0.069672 0.051983
6 0.661031 0.341908 0.049522 0.054662
3 0.600410 0.293140 0.033470 0.041801
4 0.770492 0.527599 0.036202 0.057342
1 0.774761 0.407824 0.044057 0.052519
