0 0.218921 0.327974 0.058060 0.047160
0 0.181865 0.530815 0.086407 0.058414
0 0.603654 0.265005 0.062500 0.043408
6 0.674180 0.344855 0.041667 0.043408
6 0.594945 0.348339 0.029372 0.032154
6 0.536373 0.243837 0.052937 0.049303
8 0.277322 0.341372 0.024590 0.025723
8 0.438183 0.210343 0.029372 0.039121
8 0.479337 0.446677 0.029030 0.038049
2 0.325649 0.532958 0.044057 0.054126
2 0.461236 0.538049 0.065232 0.066452
2 0.840676 0.540461 0.055669 0.069132
2 0.619023 0.413987 0.033128 0.036977
2 0.725581 0.409432 0.060451 0.056806
5 0.530055 0.365488 0.017760 0.031083
5 0.482923 0.386120 0.021175 0.033762
5 0.592555 0.524652 0.032104 0.051447
3 0.671107 0.530815 0.060792 0.053055
5 0.851776 0.176849 0.031421 0.062165
3 0.554816 0.400857 0.030396 0.028939
1 0.396687 0.146302 0.029030 0.033226
1 0.325478 0.395766 0.029372 0.039121
7 0.604337 0.168810 0.052937 0.045016
5 0.735485 0.306002 0.014686 0.035370
