8 0.158982 0.539389 0.072746 0.098071
8 0.291496 0.541533 0.061134 0.086281
8 0.572746 0.543408 0.079235 0.096463
8 0.478825 0.448017 0.025956 0.042872
8 0.280055 0.341640 0.024590 0.023044
8 0.847507 0.260450 0.043374 0.060021
8 0.707480 0.201768 0.037227 0.042337
8 0.445526 0.142819 0.029030 0.035906
8 0.350751 0.157824 0.021858 0.030547
7 0.502561 0.187835 0.046790 0.038049
7 0.604508 0.169614 0.051913 0.035906
3 0.442452 0.549839 0.086407 0.094319
3 0.720970 0.547964 0.091530 0.094855
6 0.675546 0.346463 0.039617 0.051983
6 0.536544 0.242497 0.047131 0.046624
1 0.398907 0.184084 0.030738 0.039121
2 0.724727 0.405145 0.045082 0.065380
2 0.621926 0.415595 0.025956 0.034834
1 0.328723 0.397106 0.035861 0.039657
