8 0.422473 0.106377 0.034153 0.039121
8 0.220628 0.431940 0.038251 0.039657
8 0.475410 0.426849 0.038934 0.049839
8 0.615608 0.255627 0.023566 0.027867
8 0.679133 0.299035 0.025615 0.034298
5 0.543716 0.314309 0.025273 0.051983
5 0.483094 0.351018 0.024249 0.047160
5 0.639344 0.536442 0.035519 0.067524
5 0.977459 0.531350 0.038251 0.072347
5 0.482411 0.348607 0.022883 0.047696
5 0.481216 0.199893 0.023907 0.048232
5 0.649932 0.151125 0.017077 0.043944
5 0.803620 0.249732 0.020492 0.041801
6 0.556182 0.130493 0.059085 0.077706
6 0.641564 0.212755 0.046107 0.050375
6 0.739242 0.285370 0.053620 0.058414
2 0.429133 0.563773 0.117828 0.132905
2 0.225751 0.542872 0.073087 0.085745
2 0.806011 0.530011 0.051913 0.061093
2 0.667862 0.377278 0.038593 0.043944
3 0.576673 0.367095 0.034495 0.035370
1 0.271516 0.357717 0.052596 0.049839
