1 0.238217 0.330922 0.058402 0.060557
1 0.773907 0.411040 0.041667 0.039657
6 0.224214 0.542872 0.091189 0.099678
6 0.555669 0.222669 0.057377 0.050911
6 0.661714 0.176045 0.054303 0.053055
6 0.640540 0.281350 0.048156 0.053591
6 0.779542 0.254019 0.067964 0.073955
6 0.929816 0.397642 0.066598 0.067524
8 0.412056 0.252144 0.044057 0.051983
5 0.478825 0.159164 0.025273 0.049303
5 0.551400 0.281350 0.037227 0.068596
5 0.481728 0.331994 0.023566 0.053055
5 0.669740 0.102090 0.021175 0.046624
5 0.667520 0.538585 0.036544 0.086817
0 0.415471 0.433012 0.069331 0.053591
3 0.324283 0.447749 0.066598 0.060557
0 0.476605 0.529207 0.075478 0.059486
2 0.692964 0.359861 0.043716 0.060557
3 0.583504 0.346731 0.039959 0.047160
4 0.772370 0.524116 0.026981 0.047160
4 0.778176 0.353162 0.031079 0.065380
5 0.846653 0.282154 0.028005 0.062701
5 0.843579 0.214094 0.020492 0.045552
8 0.704918 0.271972 0.037568 0.053055
7 0.856045 0.352626 0.059768 0.041801
